Hmax[T]	f[Hz]	F_R[%]	F_M_High[%]	F_B[%]	U_HB[-]	dPCB[kPa]	Tspan[K]	dT_reg[K]	Qc[W]	Qh[W]	Wpump[W]	Wvalv[W]	Wmotor[W]	COP[-]	Q_wall-Loss[W]
1.3	1	0	50	60	0.1988	33.68866204	20	21.10626664	93.71201186	118.8208626	1.60137866	55.176	6.74187136	1.4753	345.5308903
1.3	1	0	50	60	0.3977	75.81455404	20	21.01340357	166.1991982	223.2336321	7.20717236	55.176	11.95677685	2.2357	400.8240477
1.3	1	0	50	60	0.5965	126.3778425	20	20.83826074	193.6252006	289.6949145	18.02003471	55.176	13.92987055	2.2224	356.3522466
1.3	1	0	50	60	0.7953	185.37863	20	20.58155548	150.5046071	296.8568142	35.24272743	55.176	10.82766958	1.4865	247.0849571
1.3	1	0	50	60	0.9942	252.8169804	20	20.228669	4.36312947	216.1425456	60.07805814	55.176	0.31389421	0.0378	89.68504451
1.3	1	0	50	70	0.1988	28.32010001	20	21.13481172	93.96853879	124.355538	1.34793378	64.372	6.76032653	1.2965	435.3922808
1.3	1	0	50	70	0.3977	62.83074925	20	21.04381954	170.4177048	231.2414963	5.98072117	64.372	12.26026653	2.0628	512.0941705
1.3	1	0	50	70	0.5965	103.5320462	20	20.88430825	207.3630993	303.1548935	14.78194541	64.372	14.91820858	2.2043	474.9349736
1.3	1	0	50	70	0.7953	150.4240559	20	20.64827044	180.0818841	319.1528616	28.63526263	64.372	12.95553123	1.6995	370.3065436
1.3	1	0	50	70	0.9942	203.5068215	20	20.31880379	56.76979039	250.6251151	48.42436281	64.372	4.08415758	0.4857	217.0378264
1.3	1	0	50	80	0.1988	24.39846294	20	21.16576353	93.64689314	130.6887244	1.15433144	73.82344444	6.73718656	1.146	551.8311461
1.3	1	0	50	80	0.3977	53.49874446	20	21.06980864	172.8148483	239.2650171	5.06201469	73.82344444	12.4327229	1.8924	639.7504702
1.3	1	0	50	80	0.5965	87.30090521	20	20.92049824	217.063789	315.403371	12.39015	73.82344444	15.61609993	2.1316	596.9044724
1.3	1	0	50	80	0.7953	125.8049878	20	20.70023131	202.3563279	338.8939115	23.80588757	73.82344444	14.5580092	1.8037	486.9448648
1.3	1	0	50	80	0.9942	169.0110217	20	20.38927417	97.40119674	281.2208718	39.97640268	73.82344444	7.00728034	0.8063	332.4306041
1.3	1	0	50	90	0.1988	21.43965555	20	21.20079197	92.18320794	139.379095	1.01589831	83.27488889	6.63188546	1.0139	792.6069683
1.3	1	0	50	90	0.3977	46.59437996	20	21.09445859	172.8609134	249.5906405	4.41550833	83.27488889	12.43603693	1.7264	926.5752619
1.3	1	0	50	90	0.5965	75.46421315	20	20.95214505	222.5471269	329.5147519	10.72674852	83.27488889	16.01058467	2.0229	908.4766622
1.3	1	0	50	90	0.7953	108.0491844	20	20.74505659	217.7342662	359.9464364	20.47757337	83.27488889	15.6643357	1.8233	827.7402101
1.3	1	0	50	90	0.9942	144.349315	20	20.45003188	127.4542846	312.4607079	34.19595654	83.27488889	9.16937299	1.0064	711.8436427
1.3	1	0	50	100	0.1988	19.02445271	20	21.25764158	81.86074918	160.9402272	0.91287081	91.96	5.88926253	0.8289	1765.337745
1.3	1	0	50	100	0.3977	41.05816915	20	21.11299674	162.153046	267.4036365	3.940043	91.96	11.66568676	1.5075	1778.423959
1.3	1	0	50	100	0.5965	66.10116666	20	20.97174932	215.273232	347.2569718	9.51441171	91.96	15.48728287	1.8405	1668.834468
1.3	1	0	50	100	0.7953	94.15347069	20	20.77556075	217.0864463	381.6490369	18.06892077	91.96	15.61772995	1.7278	1562.673588
1.3	1	0	50	100	0.9942	125.2151056	20	20.49412721	136.0029814	341.1860089	30.03654309	91.96	9.78438715	1.032	1478.865101
1.3	1	5	45	60	0.1988	33.68866204	20	21.09437312	94.08903373	116.1443183	1.60137866	55.176	6.76899523	1.4806	340.6761967
1.3	1	5	45	60	0.3977	75.81455404	20	21.00713395	166.8128845	220.1939607	7.20717236	55.176	12.00092694	2.2426	393.465147
1.3	1	5	45	60	0.5965	126.3778425	20	20.83425602	194.4801051	286.5136279	18.02003471	55.176	13.99137447	2.2306	347.5746763
1.3	1	5	45	60	0.7953	185.37863	20	20.57881824	151.5484178	293.6912403	35.24272743	55.176	10.90276387	1.4957	237.1159615
1.3	1	5	45	60	0.9942	252.8169804	20	20.22668534	5.53794888	213.0447714	60.07805814	55.176	0.39841359	0.0479	78.40194732
1.3	1	5	45	70	0.1988	28.32010001	20	21.12279791	94.34878053	121.6494665	1.34793378	64.372	6.78768205	1.3012	428.6345109
1.3	1	5	45	70	0.3977	62.83074925	20	21.03748791	171.0318325	228.1741913	5.98072117	64.372	12.30444838	2.0692	501.9665019
1.3	1	5	45	70	0.5965	103.5320462	20	20.88025234	208.2145334	299.9442829	14.78194541	64.372	14.97946283	2.2119	462.9936015
1.3	1	5	45	70	0.7953	150.4240559	20	20.64547895	181.1341108	315.9339	28.63526263	64.372	13.03123099	1.7082	356.8543513
1.3	1	5	45	70	0.9942	203.5068215	20	20.31677429	57.9606056	247.4641458	48.42436281	64.372	4.16982774	0.4955	201.9677687
1.3	1	5	45	80	0.1988	24.39846294	20	21.15333689	94.04291066	127.8988455	1.15433144	73.82344444	6.76567703	1.1505	541.4416566
1.3	1	5	45	80	0.3977	53.49874446	20	21.06327897	173.4493144	236.11018	5.06201469	73.82344444	12.47836794	1.8984	624.4462513
1.3	1	5	45	80	0.5965	87.30090521	20	20.91628588	217.9364361	312.0866944	12.39015	73.82344444	15.67888029	2.1389	579.0596569
1.3	1	5	45	80	0.7953	125.8049878	20	20.69730867	203.4332284	335.5505053	23.80588757	73.82344444	14.63548406	1.8121	467.0632531
1.3	1	5	45	80	0.9942	169.0110217	20	20.38713126	98.62568682	277.9137066	39.97640268	73.82344444	7.09537315	0.8158	310.402398
1.3	1	5	45	90	0.1988	21.43965555	20	21.18521589	92.49867956	135.936978	1.01589831	83.27488889	6.65458126	1.0171	763.5651645
1.3	1	5	45	90	0.3977	46.59437996	20	21.08573048	173.3046104	245.542679	4.41550833	83.27488889	12.46795759	1.7303	885.2459004
1.3	1	5	45	90	0.5965	75.46421315	20	20.94599112	223.0846413	325.0708062	10.72674852	83.27488889	16.04925477	2.0271	860.058459
1.3	1	5	45	90	0.7953	108.0491844	20	20.74025474	218.3118604	355.2162665	20.47757337	83.27488889	15.70588924	1.8275	773.189217
1.3	1	5	45	90	0.9942	144.349315	20	20.44605674	128.0265337	307.5096597	34.19595654	83.27488889	9.21054199	1.0106	650.6758552
1.3	1	5	45	100	0.1988	19.02445271	20	21.19509916	78.14112991	152.6050304	0.91287081	91.96	5.62166402	0.7934	1761.310409
1.3	1	5	45	100	0.3977	41.05816915	20	21.05794863	154.4561554	253.9053904	3.940043	91.96	11.11195363	1.4434	1768.725746
1.3	1	5	45	100	0.5965	66.10116666	20	20.91646595	202.7851449	327.8252401	9.51441171	91.96	14.58885935	1.7472	1660.318799
1.3	1	5	45	100	0.7953	94.15347069	20	20.71845552	199.0870753	355.6863445	18.06892077	91.96	14.32281117	1.601	1556.730352
1.3	1	5	45	100	0.9942	125.2151056	20	20.43551929	112.2473552	308.5382151	30.03654309	91.96	8.0753493	0.863	1475.313097
1.3	1	10	40	60	0.1988	33.68866204	20	21.09173508	94.20595184	115.5169981	1.60137866	55.176	6.77740661	1.4823	331.3200581
1.3	1	10	40	60	0.3977	75.81455404	20	21.00574242	167.0172277	219.450465	7.20717236	55.176	12.01562789	2.2449	380.0641979
1.3	1	10	40	60	0.5965	126.3778425	20	20.83337535	194.7598542	285.7213711	18.02003471	55.176	14.0115003	2.2333	331.6289715
1.3	1	10	40	60	0.7953	185.37863	20	20.57818311	151.8837695	292.8626876	35.24272743	55.176	10.92688989	1.4987	219.1495933
1.3	1	10	40	60	0.9942	252.8169804	20	20.22618107	5.90725189	212.185983	60.07805814	55.176	0.42498215	0.0511	58.56650133
1.3	1	10	40	70	0.1988	28.32010001	20	21.11984302	94.48544976	120.9403288	1.34793378	64.372	6.79751437	1.3029	415.4688365
1.3	1	10	40	70	0.3977	62.83074925	20	21.03590824	171.2713307	227.3218334	5.98072117	64.372	12.32167847	2.0716	483.2692478
1.3	1	10	40	70	0.5965	103.5320462	20	20.87923151	208.5412087	299.0227931	14.78194541	64.372	15.00296465	2.2148	440.8786716
1.3	1	10	40	70	0.7953	150.4240559	20	20.6447399	181.5259464	314.9674367	28.63526263	64.372	13.0594206	1.7114	332.0634994
1.3	1	10	40	70	0.9942	203.5068215	20	20.31617425	58.39339214	246.4482233	48.42436281	64.372	4.20096346	0.4991	174.7044429
1.3	1	10	40	80	0.1988	24.39846294	20	21.14803778	94.13116143	126.7228095	1.15433144	73.82344444	6.772026	1.1515	513.4907168
1.3	1	10	40	80	0.3977	53.49874446	20	21.05997751	173.5899981	234.5680993	5.06201469	73.82344444	12.48848907	1.8998	584.6560602
1.3	1	10	40	80	0.5965	87.30090521	20	20.91380944	218.1044165	310.2994519	12.39015	73.82344444	15.69096521	2.1403	531.5746013
1.3	1	10	40	80	0.7953	125.8049878	20	20.6952588	203.5993329	333.5613646	23.80588757	73.82344444	14.64743402	1.8134	413.3754416
1.3	1	10	40	80	0.9942	169.0110217	20	20.38532407	98.76938264	275.7332821	39.97640268	73.82344444	7.10571098	0.8169	250.9279681
1.3	1	10	40	90	0.1988	21.43965555	20	21.1495877	89.72496336	131.4219278	1.01589831	83.27488889	6.45503334	0.9888	731.9923984
1.3	1	10	40	90	0.3977	46.59437996	20	21.05162592	167.4760888	237.2965849	4.41550833	83.27488889	12.04863948	1.6791	841.8641987
1.3	1	10	40	90	0.5965	75.46421315	20	20.91076512	213.6526145	312.6772165	10.72674852	83.27488889	15.37069169	1.9534	808.6971409
1.3	1	10	40	90	0.7953	108.0491844	20	20.70346505	204.8633063	338.3008974	20.47757337	83.27488889	14.73836736	1.7289	714.2701605
1.3	1	10	40	90	0.9942	144.349315	20	20.40816538	110.4806124	285.9816728	34.19595654	83.27488889	7.9482455	0.8809	583.2475655
1.3	1	10	40	100	0.1988	19.02445271	20	21.13010185	72.92345948	145.2928373	0.91287081	91.96	5.24629205	0.7432	1739.689558
1.3	1	10	40	100	0.3977	41.05816915	20	20.99499088	143.7483059	240.3474323	3.940043	91.96	10.34160474	1.353	1750.031848
1.3	1	10	40	100	0.5965	66.10116666	20	20.85041543	185.4691119	306.9567826	9.51441171	91.96	13.34310158	1.6153	1646.242328
1.3	1	10	40	100	0.7953	94.15347069	20	20.64865428	174.3044281	326.6636317	18.06892077	91.96	12.53988691	1.4221	1547.479242
1.3	1	10	40	100	0.9942	125.2151056	20	20.36299299	79.7652665	271.1324245	30.03654309	91.96	5.73850838	0.6245	1469.90728
1.3	1	15	35	60	0.1988	33.68866204	20	21.09013239	94.2847263	115.128073	1.60137866	55.176	6.78307383	1.4834	321.0794994
1.3	1	15	35	60	0.3977	75.81455404	20	21.00486793	167.1629798	218.9657432	7.20717236	55.176	12.02611365	2.2465	365.4344758
1.3	1	15	35	60	0.5965	126.3778425	20	20.83279153	194.9601462	285.1812312	18.02003471	55.176	14.0259098	2.2352	314.1581384
1.3	1	15	35	60	0.7953	185.37863	20	20.57773761	152.1216252	292.2789113	35.24272743	55.176	10.94400182	1.5008	199.3647713
1.3	1	15	35	60	0.9942	252.8169804	20	20.22579209	6.16615908	211.5497937	60.07805814	55.176	0.44360857	0.0533	36.5987129
1.3	1	15	35	70	0.1988	28.32010001	20	21.11692544	94.52952136	120.3333492	1.34793378	64.372	6.80068499	1.3035	398.7942417
1.3	1	15	35	70	0.3977	62.83074925	20	21.03397932	171.3476184	226.5015097	5.98072117	64.372	12.32716679	2.0724	459.4046085
1.3	1	15	35	70	0.5965	103.5320462	20	20.87771603	208.6310358	298.0563604	14.78194541	64.372	15.00942704	2.2156	412.2189577
1.3	1	15	35	70	0.7953	150.4240559	20	20.64342257	181.6111189	313.8665094	28.63526263	64.372	13.06554812	1.7121	299.3640097
1.3	1	15	35	70	0.9942	203.5068215	20	20.31495888	58.46129017	245.2091071	48.42436281	64.372	4.20584821	0.4997	138.0632985
1.3	1	15	35	80	0.1988	24.39846294	20	21.12250239	92.08988287	123.5964336	1.15433144	73.82344444	6.62517143	1.1285	490.6730659
1.3	1	15	35	80	0.3977	53.49874446	20	21.03484242	169.2707182	228.6736897	5.06201469	73.82344444	12.17774951	1.8588	552.0687016
1.3	1	15	35	80	0.5965	87.30090521	20	20.88761389	211.1169899	301.3274436	12.39015	73.82344444	15.18827266	2.082	491.6934089
1.3	1	15	35	80	0.7953	125.8049878	20	20.6678559	193.6740681	321.2541493	23.80588757	73.82344444	13.93338619	1.736	366.2482733
1.3	1	15	35	80	0.9942	169.0110217	20	20.35713962	85.8833886	260.0531233	39.97640268	73.82344444	6.17866105	0.7158	195.6653277
1.3	1	15	35	90	0.1988	21.43965555	20	21.09512362	85.00409662	125.4447798	1.01589831	83.27488889	6.11540263	0.9402	722.4883028
1.3	1	15	35	90	0.3977	46.59437996	20	20.99605474	157.5644111	225.353868	4.41550833	83.27488889	11.33556914	1.5911	829.9490406
1.3	1	15	35	90	0.5965	75.46421315	20	20.85161804	197.6119226	293.8604862	10.72674852	83.27488889	14.21668508	1.826	795.7427323
1.3	1	15	35	90	0.7953	108.0491844	20	20.6407863	182.0178649	311.9480173	20.47757337	83.27488889	13.09481042	1.5577	700.080202
1.3	1	15	35	90	0.9942	144.349315	20	20.34307974	80.69107177	251.952294	34.19595654	83.27488889	5.80511308	0.6546	567.0128046
1.3	1	15	35	100	0.1988	19.02445271	20	21.06495576	67.59945488	138.0542135	0.91287081	91.96	4.86327014	0.6917	1715.455791
1.3	1	15	35	100	0.3977	41.05816915	20	20.93051016	132.6536051	226.5798271	3.940043	91.96	9.54342483	1.2581	1730.175198
1.3	1	15	35	100	0.5965	66.10116666	20	20.78230286	167.4565924	285.5780615	9.51441171	91.96	12.04723686	1.4751	1631.669238
1.3	1	15	35	100	0.7953	94.15347069	20	20.57662168	148.5543012	296.8687497	18.06892077	91.96	10.6873598	1.2306	1538.045715
1.3	1	15	35	100	0.9942	125.2151056	20	20.28816591	46.07020736	232.697695	30.03654309	91.96	3.31440341	0.3676	1464.451032
1.3	1	20	30	60	0.1988	33.68866204	20	21.08796113	94.3046904	114.6899839	1.60137866	55.176	6.7845101	1.4837	308.0691894
1.3	1	20	30	60	0.3977	75.81455404	20	21.0033869	167.2005258	218.3579701	7.20717236	55.176	12.02881481	2.247	346.6252094
1.3	1	20	30	60	0.5965	126.3778425	20	20.83159371	195.0015938	284.4481291	18.02003471	55.176	14.02889164	2.2356	291.3394044
1.3	1	20	30	60	0.7953	185.37863	20	20.5766771	152.1531679	291.4310076	35.24272743	55.176	10.94627107	1.501	173.0769824
1.3	1	20	30	60	0.9942	252.8169804	20	20.22480103	6.17898783	210.5834426	60.07805814	55.176	0.4445315	0.0534	6.88207309
1.3	1	20	30	70	0.1988	28.32010001	20	21.09547695	92.89960824	117.8464214	1.34793378	64.372	6.68342505	1.2831	378.7291687
1.3	1	20	30	70	0.3977	62.83074925	20	21.0124365	167.8515336	221.727932	5.98072117	64.372	12.0756499	2.0363	430.1597177
1.3	1	20	30	70	0.5965	103.5320462	20	20.85510301	202.9359409	290.7277678	14.78194541	64.372	14.59970798	2.1646	375.8967628
1.3	1	20	30	70	0.7953	150.4240559	20	20.61974369	173.5090588	303.7804397	28.63526263	64.372	12.4826661	1.6448	256.1009036
1.3	1	20	30	70	0.9942	203.5068215	20	20.29063051	47.94774048	232.3581317	48.42436281	64.372	3.44947773	0.4125	87.24201617
1.3	1	20	30	80	0.1988	24.39846294	20	21.07431608	87.92367976	118.344074	1.15433144	73.82344444	6.32544459	1.0814	480.7827544
1.3	1	20	30	80	0.3977	53.49874446	20	20.98497057	160.4204545	218.0224371	5.06201469	73.82344444	11.54103989	1.774	538.5936963
1.3	1	20	30	80	0.5965	87.30090521	20	20.83440269	196.7669528	284.492259	12.39015	73.82344444	14.15589589	1.9604	475.5609429
1.3	1	20	30	80	0.7953	125.8049878	20	20.61157089	173.2939124	297.6857448	23.80588757	73.82344444	12.46718794	1.574	347.0660578
1.3	1	20	30	80	0.9942	169.0110217	20	20.29885883	59.40327325	229.6725765	39.97640268	73.82344444	4.27361678	0.5031	172.6182966
1.3	1	20	30	90	0.1988	21.43965555	20	21.03476504	79.74899168	118.968983	1.01589831	83.27488889	5.73733753	0.8858	717.6744055
1.3	1	20	30	90	0.3977	46.59437996	20	20.93315827	146.3766139	212.1000977	4.41550833	83.27488889	10.53069165	1.4903	825.0400029
1.3	1	20	30	90	0.5965	75.46421315	20	20.78420932	179.4119452	272.8057756	10.72674852	83.27488889	12.90733419	1.6782	791.6775276
1.3	1	20	30	90	0.7953	108.0491844	20	20.56920231	156.0777786	282.3498445	20.47757337	83.27488889	11.22861716	1.3574	696.6084953
1.3	1	20	30	90	0.9942	144.349315	20	20.26864803	46.85097763	213.6387566	34.19595654	83.27488889	3.37057393	0.3877	563.4730539
1.3	1	20	30	100	0.1988	19.02445271	20	20.99901005	62.18854564	130.7459685	0.91287081	91.96	4.47399609	0.6388	1689.729355
1.3	1	20	30	100	0.3977	41.05816915	20	20.86460272	121.2577345	212.5586117	3.940043	91.96	8.72357802	1.159	1709.562952
1.3	1	20	30	100	0.5965	66.10116666	20	20.71252273	148.9264061	263.7455439	9.51441171	91.96	10.71412994	1.3275	1616.834543
1.3	1	20	30	100	0.7953	94.15347069	20	20.50286347	122.1071595	266.4305898	18.06892077	91.96	8.78468774	1.0277	1528.552341
1.3	1	20	30	100	0.9942	125.2151056	20	20.21161358	11.52642557	193.4359786	30.03654309	91.96	0.82923925	0.0938	1459.01069
1.3	1	25	25	60	0.1988	33.68866204	20	21.06837635	92.77250928	112.4683481	1.60137866	55.176	6.67428124	1.4621	292.1305454
1.3	1	25	25	60	0.3977	75.81455404	20	20.98331329	163.879338	213.9833357	7.20717236	55.176	11.78988043	2.2094	323.1117017
1.3	1	25	25	60	0.5965	126.3778425	20	20.81037759	189.5834787	277.6620798	18.02003471	55.176	13.63909919	2.1833	261.723431
1.3	1	25	25	60	0.7953	185.37863	20	20.55446824	144.4751501	282.0706072	35.24272743	55.176	10.39389569	1.4331	137.334928
1.3	1	25	25	60	0.9942	252.8169804	20	20.20202905	-3.73197693	198.6506231	60.07805814	55.176	-0.26848755	-0.0325	-35.56582797
1.3	1	25	25	70	0.1988	28.32010001	20	21.05029756	89.05982767	113.005011	1.34793378	64.372	6.40718185	1.2348	368.5820668
1.3	1	25	25	70	0.3977	62.83074925	20	20.96508814	159.595518	211.7875112	5.98072117	64.372	11.48169194	1.9502	415.7159617
1.3	1	25	25	70	0.5965	103.5320462	20	20.80444371	189.5065808	274.9500976	14.78194541	64.372	13.63356696	2.0424	357.9108466
1.3	1	25	25	70	0.7953	150.4240559	20	20.56627806	154.4636677	281.7197974	28.63526263	64.372	11.11249408	1.4835	234.2087915
1.3	1	25	25	70	0.9942	203.5068215	20	20.23542816	23.2834965	203.9620425	48.42436281	64.372	1.67507169	0.2034	60.81108927
1.3	1	25	25	80	0.1988	24.39846294	20	21.01606771	82.8402337	112.134953	1.15433144	73.82344444	5.95972904	1.0235	476.2469115
1.3	1	25	25	80	0.3977	53.49874446	20	20.92360985	149.4990329	205.1599423	5.06201469	73.82344444	10.7553261	1.6678	533.2125931
1.3	1	25	25	80	0.5965	87.30090521	20	20.76846484	178.9839604	263.9633792	12.39015	73.82344444	12.87654392	1.8063	469.7017506
1.3	1	25	25	80	0.7953	125.8049878	20	20.54167869	148.0114065	268.8479499	23.80588757	73.82344444	10.64830262	1.367	340.182504
1.3	1	25	25	80	0.9942	169.0110217	20	20.22638122	26.5397044	192.3986808	39.97640268	73.82344444	1.90933125	0.2294	164.0266632
1.3	1	25	25	90	0.1988	21.43965555	20	20.97110417	74.2242121	112.17989	1.01589831	83.27488889	5.33987137	0.8281	713.7696581
1.3	1	25	25	90	0.3977	46.59437996	20	20.86612808	134.4846275	198.0763276	4.41550833	83.27488889	9.67515306	1.3812	821.7854264
1.3	1	25	25	90	0.5965	75.46421315	20	20.71215917	160.0125456	250.4518532	10.72674852	83.27488889	11.51169393	1.5165	789.9715208
1.3	1	25	25	90	0.7953	108.0491844	20	20.49272873	128.4397689	250.9294588	20.47757337	83.27488889	9.24027115	1.1367	696.1874478
1.3	1	25	25	90	0.9942	144.349315	20	20.18918056	10.81683846	172.9789249	34.19595654	83.27488889	0.77818982	0.0915	563.7482375
1.3	1	25	25	100	0.1988	19.02445271	20	20.93198616	56.67398962	123.3320478	0.91287081	91.96	4.07726544	0.5846	1662.732728
1.3	1	25	25	100	0.3977	41.05816915	20	20.79724002	109.5687067	198.2665937	3.940043	91.96	7.88264077	1.0558	1688.329464
1.3	1	25	25	100	0.5965	66.10116666	20	20.64111669	129.9146136	241.4499352	9.51441171	91.96	9.34637508	1.1723	1601.817429
1.3	1	25	25	100	0.7953	94.15347069	20	20.42751368	95.03140514	235.3876864	18.06892077	91.96	6.83679174	0.8132	1519.029632
1.3	1	25	25	100	0.9942	125.2151056	20	20.13351432	-23.78299707	153.4406484	30.03654309	91.96	-1.71100698	-0.1977	1453.563942
1.3	1	30	20	60	0.1988	33.68866204	20	21.02389691	88.97203488	107.7334901	1.60137866	55.176	6.40086582	1.4083	283.7217999
1.3	1	30	20	60	0.3977	75.81455404	20	20.93606124	155.6130743	204.1134575	7.20717236	55.176	11.1951852	2.1149	310.8904842
1.3	1	30	20	60	0.5965	126.3778425	20	20.75967566	176.1196568	261.9311558	18.02003471	55.176	12.67047891	2.0511	246.0633991
1.3	1	30	20	60	0.7953	185.37863	20	20.5010646	125.4444572	260.0941378	35.24272743	55.176	9.02478109	1.2615	117.7872305
1.3	1	30	20	60	0.9942	252.8169804	20	20.14707031	-28.28116603	170.4390154	60.07805814	55.176	-2.03461626	-0.2498	-59.58604559
1.3	1	30	20	70	0.1988	28.32010001	20	20.99222422	84.03175883	106.8695781	1.34793378	64.372	6.04545028	1.1709	363.5159742
1.3	1	30	20	70	0.3977	62.83074925	20	20.90328578	148.6842145	198.9375277	5.98072117	64.372	10.69670608	1.8345	409.0426731
1.3	1	30	20	70	0.5965	103.5320462	20	20.73794486	171.7166207	254.3864736	14.78194541	64.372	12.35371372	1.8765	349.7415509
1.3	1	30	20	70	0.7953	150.4240559	20	20.49596248	129.2307879	252.873594	28.63526263	64.372	9.29717898	1.2632	224.0319168
1.3	1	30	20	70	0.9942	203.5068215	20	20.16275704	-9.4088351	166.7811404	48.42436281	64.372	-0.67689461	-0.0839	48.02328174
1.3	1	30	20	80	0.1988	24.39846294	20	20.95203304	77.23910025	105.3658176	1.15433144	73.82344444	5.5567698	0.9591	474.1920466
1.3	1	30	20	80	0.3977	53.49874446	20	20.85538163	137.3441804	190.965106	5.06201469	73.82344444	9.88087628	1.5473	531.6797104
1.3	1	30	20	80	0.5965	87.30090521	20	20.69491074	159.1452352	241.2119736	12.39015	73.82344444	11.4492975	1.6295	468.792006
1.3	1	30	20	80	0.7953	125.8049878	20	20.46370511	119.8117988	236.865812	23.80588757	73.82344444	8.61955387	1.1277	339.3528482
1.3	1	30	20	80	0.9942	169.0110217	20	20.14553073	-10.1136216	151.0567786	39.97640268	73.82344444	-0.72759868	-0.0894	162.659162
1.3	1	30	20	90	0.1988	21.43965555	20	20.90510975	68.50081514	105.1734105	1.01589831	83.27488889	4.9281162	0.7678	709.8343852
1.3	1	30	20	90	0.3977	46.59437996	20	20.79609003	122.0655353	183.4937558	4.41550833	83.27488889	8.78169319	1.2653	818.8848277
1.3	1	30	20	90	0.5965	75.46421315	20	20.63677732	139.738913	227.1582663	10.72674852	83.27488889	10.05315921	1.3429	788.9906398
1.3	1	30	20	90	0.7953	108.0491844	20	20.41284999	99.59477125	218.2412325	20.47757337	83.27488889	7.16509146	0.8979	696.8852847
1.3	1	30	20	90	0.9942	144.349315	20	20.10626131	-26.74740224	130.7101806	34.19595654	83.27488889	-1.92427354	-0.2315	565.5655173
1.3	1	30	20	100	0.1988	19.02445271	20	20.86374952	51.04293488	115.7998261	0.91287081	91.96	3.67215359	0.5287	1634.485198
1.3	1	30	20	100	0.3977	41.05816915	20	20.72833815	97.58254286	183.6762501	3.940043	91.96	7.02032682	0.9481	1666.549018
1.3	1	30	20	100	0.5965	66.10116666	20	20.56810731	110.4332662	218.6935503	9.51441171	91.96	7.94483929	1.0093	1586.605945
1.3	1	30	20	100	0.7953	94.15347069	20	20.35065451	67.35573554	203.7764885	18.06892077	91.96	4.84573637	0.5863	1509.489618
1.3	1	30	20	100	0.9942	125.2151056	20	20.05397743	-59.79220734	112.7532923	30.03654309	91.96	-4.30159765	-0.508	1448.129583
1.3	2	0	50	60	0.1988	75.84387338	20	21.09882725	181.1020636	241.1160688	7.21223983	55.176	13.02892544	2.4013	395.2883031
1.3	2	0	50	60	0.3977	185.4339739	20	20.93544885	283.3377195	435.763731	35.26096306	55.176	20.3840086	2.5567	446.0344576
1.3	2	0	50	60	0.5965	328.7725832	20	20.69234784	248.8937453	550.0442586	93.76710471	55.176	17.90602484	1.4917	388.1954897
1.3	2	0	50	60	0.7953	505.8607496	20	20.37042851	21.56452629	549.7161597	192.3529171	55.176	1.55140477	0.0866	257.6224146
1.3	2	0	50	60	0.9942	716.6989858	20	19.95404531	-470.1407687	385.2944835	340.6410215	55.176	-33.82307689	-1.2988	76.61898909
1.3	2	0	50	70	0.1988	62.85244651	20	21.12256505	183.8473081	248.0718645	5.98451218	64.372	13.22642505	2.1996	496.9475699
1.3	2	0	50	70	0.3977	150.4651998	20	20.97402858	301.6077473	448.0884122	28.64898802	64.372	21.69839908	2.6291	565.4091353
1.3	2	0	50	70	0.5965	262.8396808	20	20.75307372	299.3016611	570.6222957	75.06178111	64.372	21.53249361	1.8594	514.219782
1.3	2	0	50	70	0.7953	399.9766169	20	20.45531585	123.257742	579.072255	152.2922165	64.372	8.86746345	0.5465	389.9107575
1.3	2	0	50	70	0.9942	561.8763903	20	20.06420867	-295.0726814	421.4679195	267.4099253	64.372	-21.22825046	-0.9502	215.4778023
1.3	2	0	50	80	0.1988	53.51534153	20	21.14337122	185.1108266	255.4866006	5.064921	73.82344444	13.31732565	2.0076	622.2613079
1.3	2	0	50	80	0.3977	125.836596	20	21.00315802	314.3208379	459.6241399	23.81647377	73.82344444	22.61300992	2.6138	687.670912
1.3	2	0	50	80	0.5965	216.9646759	20	20.7992624	336.7147443	589.969847	61.5911615	73.82344444	24.22408233	2.1092	623.3460643
1.3	2	0	50	80	0.7953	326.900094	20	20.52095421	200.3953328	608.5757191	123.7262083	73.82344444	14.41693041	0.9454	491.0246596
1.3	2	0	50	80	0.9942	455.6431377	20	20.15043657	-161.1228715	461.9950587	215.5590896	73.82344444	-11.59157349	-0.58	314.8961992
1.3	2	0	50	90	0.1988	46.60756414	20	21.16179618	183.7540314	264.2969138	4.4178355	83.27488889	13.21971449	1.8209	893.6982079
1.3	2	0	50	90	0.3977	108.0743834	20	21.0255262	320.5648238	471.3439663	20.48609501	83.27488889	23.06221754	2.5277	995.4386666
1.3	2	0	50	90	0.5965	184.4010767	20	20.83567789	361.4800913	608.6827547	52.42785187	83.27488889	26.00576197	2.2354	959.0991211
1.3	2	0	50	90	0.7953	275.5880181	20	20.57420977	255.812237	637.8227774	104.4667334	83.27488889	18.40375806	1.2409	866.4758831
1.3	2	0	50	90	0.9942	381.6354291	20	20.22169425	-61.50208499	504.2874942	180.8265762	83.27488889	-4.42461043	-0.2368	741.6569696
1.3	2	0	50	100	0.1988	41.08011652	20	21.17592135	170.5749957	283.4094106	3.94398668	91.96	12.27158243	1.5768	1903.447434
1.3	2	0	50	100	0.3977	94.19589525	20	21.03054335	310.6824323	484.8185845	18.08354785	91.96	22.35125412	2.3466	1791.531374
1.3	2	0	50	100	0.5965	159.3477262	20	20.85290133	363.7106118	624.0082985	45.8812524	91.96	26.16623106	2.2176	1657.664381
1.3	2	0	50	100	0.7953	236.53609	20	20.60758484	278.7351472	660.029129	90.80051346	91.96	20.05288829	1.3743	1553.652785
1.3	2	0	50	100	0.9942	325.7613467	20	20.27242688	-8.91374965	536.5074612	156.3051322	91.96	-0.64127695	-0.036	1477.182899
1.3	2	5	45	60	0.1988	75.84387338	20	21.09018934	181.8243848	237.051044	7.21223983	55.176	13.08089099	2.4093	387.1913967
1.3	2	5	45	60	0.3977	185.4339739	20	20.93119531	284.5063232	431.2997999	35.26096306	55.176	20.4680808	2.5653	435.0256118
1.3	2	5	45	60	0.5965	328.7725832	20	20.68977635	250.4226088	545.5239232	93.76710471	55.176	18.01601502	1.4999	375.442242
1.3	2	5	45	60	0.7953	505.8607496	20	20.3687033	23.33773407	545.2649192	192.3529171	55.176	1.67897367	0.0936	243.2011348
1.3	2	5	45	60	0.9942	716.6989858	20	19.95279356	-468.2319936	380.9562319	340.6410215	55.176	-33.68575493	-1.293	60.35200486
1.3	2	5	45	70	0.1988	62.85244651	20	21.11380648	184.5458289	243.9801694	5.98451218	64.372	13.27667834	2.2066	485.8467437
1.3	2	5	45	70	0.3977	150.4651998	20	20.96963024	302.7312618	443.5540498	28.64898802	64.372	21.77922747	2.637	550.4952375
1.3	2	5	45	70	0.5965	262.8396808	20	20.75037912	300.7808646	566.0056409	75.06178111	64.372	21.63891112	1.8674	497.1276231
1.3	2	5	45	70	0.7953	399.9766169	20	20.4534873	124.9851635	574.5040543	152.2922165	64.372	8.99173838	0.5539	370.7845425
1.3	2	5	45	70	0.9942	561.8763903	20	20.06287332	-293.199911	417.0012425	267.4099253	64.372	-21.09351878	-0.9437	194.0627115
1.3	2	5	45	80	0.1988	53.51534153	20	21.13389772	185.7369158	251.1788249	5.064921	73.82344444	13.36236805	2.0134	604.6004605
1.3	2	5	45	80	0.3977	125.836596	20	20.99821383	315.2997729	454.7678137	23.81647377	73.82344444	22.6834369	2.6204	664.0067608
1.3	2	5	45	80	0.5965	216.9646759	20	20.79607662	337.994106	584.9060079	61.5911615	73.82344444	24.31612273	2.116	596.0933067
1.3	2	5	45	80	0.7953	326.900094	20	20.51869689	201.8667205	603.4905234	123.7262083	73.82344444	14.52278565	0.9519	460.5496747
1.3	2	5	45	80	0.9942	455.6431377	20	20.14872264	-159.5338224	456.9384632	215.5590896	73.82344444	-11.47725341	-0.5741	280.7243155
1.3	2	5	45	90	0.1988	46.60756414	20	21.14841734	184.0963297	258.5552026	4.4178355	83.27488889	13.24434027	1.8239	835.4480457
1.3	2	5	45	90	0.3977	108.0743834	20	21.01754607	320.8896057	464.3958373	20.48609501	83.27488889	23.08558314	2.5297	918.6293049
1.3	2	5	45	90	0.5965	184.4010767	20	20.82969778	361.6646467	600.8944739	52.42785187	83.27488889	26.01903933	2.2363	869.7061052
1.3	2	5	45	90	0.7953	275.5880181	20	20.56925411	255.7648952	629.33374	104.4667334	83.27488889	18.40035217	1.2407	764.3216662
1.3	2	5	45	90	0.9942	381.6354291	20	20.21739394	-61.80250748	495.2051392	180.8265762	83.27488889	-4.44622356	-0.238	624.8091982
1.3	2	5	45	100	0.1988	41.08011652	20	21.12677887	164.5744737	270.4757906	3.94398668	91.96	11.83989019	1.5275	1898.305332
1.3	2	5	45	100	0.3977	94.19589525	20	20.98359674	297.2296	462.1369243	18.08354785	91.96	21.38342446	2.2616	1783.002906
1.3	2	5	45	100	0.5965	159.3477262	20	20.80393354	341.0662884	590.1212468	45.8812524	91.96	24.53714305	2.1004	1650.55906
1.3	2	5	45	100	0.7953	236.53609	20	20.55628503	245.7500162	614.0377716	90.80051346	91.96	17.67985728	1.2261	1548.763616
1.3	2	5	45	100	0.9942	325.7613467	20	20.21953864	-52.50672603	478.3035073	156.3051322	91.96	-3.7774623	-0.2148	1474.225783
1.3	2	10	40	60	0.1988	75.84387338	20	21.08718765	182.1070521	235.606746	7.21223983	55.176	13.10122677	2.4124	372.6879796
1.3	2	10	40	60	0.3977	185.4339739	20	20.92966869	284.967368	429.6560087	35.26096306	55.176	20.50124949	2.5687	415.0975817
1.3	2	10	40	60	0.5965	328.7725832	20	20.68880973	251.0140719	543.808227	93.76710471	55.176	18.05856632	1.5031	352.1390694
1.3	2	10	40	60	0.7953	505.8607496	20	20.36800582	24.00998497	543.5107637	192.3529171	55.176	1.72733705	0.0963	217.1455687
1.3	2	10	40	60	0.9942	716.6989858	20	19.95223747	-467.5213351	379.167771	340.6410215	55.176	-33.63462842	-1.2908	31.69631254
1.3	2	10	40	70	0.1988	62.85244651	20	21.11013479	184.7757549	242.3303427	5.98451218	64.372	13.29321977	2.2089	465.607369
1.3	2	10	40	70	0.3977	150.4651998	20	20.96757905	303.0911785	441.6076917	28.64898802	64.372	21.80512076	2.6396	522.8101002
1.3	2	10	40	70	0.5965	262.8396808	20	20.7489513	301.2296278	563.9004533	75.06178111	64.372	21.67119624	1.8698	464.7780887
1.3	2	10	40	70	0.7953	399.9766169	20	20.45237313	125.4797352	572.2864505	152.2922165	64.372	9.02731908	0.556	334.549927
1.3	2	10	40	70	0.9942	561.8763903	20	20.06193944	-292.6902834	414.687004	267.4099253	64.372	-21.05685492	-0.942	154.0636653
1.3	2	10	40	80	0.1988	53.51534153	20	21.12645714	185.573987	248.265101	5.064921	73.82344444	13.35064655	2.0119	554.0124341
1.3	2	10	40	80	0.3977	125.836596	20	20.99313258	314.9022693	450.8395235	23.81647377	73.82344444	22.65483952	2.6178	593.3402733
1.3	2	10	40	80	0.5965	216.9646759	20	20.791951	337.3249824	580.2059325	61.5911615	73.82344444	24.26798434	2.1125	511.3732221
1.3	2	10	40	80	0.7953	326.900094	20	20.51510644	200.9126134	598.129381	123.7262083	73.82344444	14.45414485	0.9477	363.3135464
1.3	2	10	40	80	0.9942	455.6431377	20	20.14551014	-160.7417971	451.0021468	215.5590896	73.82344444	-11.56415806	-0.5786	170.9271
1.3	2	10	40	90	0.1988	46.60756414	20	21.1135647	178.8123008	249.7810289	4.4178355	83.27488889	12.8641943	1.7782	787.6401526
1.3	2	10	40	90	0.3977	108.0743834	20	20.98311791	309.2833472	448.0528609	20.48609501	83.27488889	22.25060052	2.4544	854.4516871
1.3	2	10	40	90	0.5965	184.4010767	20	20.7938322	342.6876782	576.1456801	52.42785187	83.27488889	24.6537898	2.137	792.4636347
1.3	2	10	40	90	0.7953	275.5880181	20	20.53204755	228.8913581	595.7005758	104.4667334	83.27488889	16.46700418	1.1209	672.7928964
1.3	2	10	40	90	0.9942	381.6354291	20	20.17953441	-96.44243474	452.8061949	180.8265762	83.27488889	-6.93830466	-0.375	516.3100751
1.3	2	10	40	100	0.1988	41.08011652	20	21.06683113	154.7645915	257.1766244	3.94398668	91.96	11.13414327	1.4459	1878.625696
1.3	2	10	40	100	0.3977	94.19589525	20	20.92173801	275.8812307	435.8050937	18.08354785	91.96	19.84757055	2.1239	1766.037751
1.3	2	10	40	100	0.5965	159.3477262	20	20.73773391	305.9798916	548.6673733	45.8812524	91.96	22.01294184	1.9141	1638.349356
1.3	2	10	40	100	0.7953	236.53609	20	20.48639789	195.7366742	556.3036526	90.80051346	91.96	14.08177512	0.9944	1540.93656
1.3	2	10	40	100	0.9942	325.7613467	20	20.14740951	-117.482579	404.2579516	156.3051322	91.96	-8.4519841	-0.4899	1469.648019
1.3	2	15	35	60	0.1988	75.84387338	20	21.08511952	182.2157991	234.6999105	7.21223983	55.176	13.10905029	2.4135	356.9371578
1.3	2	15	35	60	0.3977	185.4339739	20	20.92844743	285.1380207	428.5429554	35.26096306	55.176	20.51352667	2.57	393.3728985
1.3	2	15	35	60	0.5965	328.7725832	20	20.68791256	251.2193186	542.5646728	93.76710471	55.176	18.07333227	1.5042	326.4827584
1.3	2	15	35	60	0.7953	505.8607496	20	20.3672693	24.22441341	542.1601676	192.3529171	55.176	1.74276355	0.0972	188.1184614
1.3	2	15	35	60	0.9942	716.6989858	20	19.95158756	-467.3169657	377.7106325	340.6410215	55.176	-33.61992559	-1.2902	-0.62862702
1.3	2	15	35	70	0.1988	62.85244651	20	21.10541742	184.5773214	240.7176221	5.98451218	64.372	13.27894398	2.2069	436.6416494
1.3	2	15	35	70	0.3977	150.4651998	20	20.96408648	302.6782367	439.3394731	28.64898802	64.372	21.77541271	2.6367	482.1334871
1.3	2	15	35	70	0.5965	262.8396808	20	20.74597768	300.5849364	561.1202336	75.06178111	64.372	21.62481557	1.8663	415.5750441
1.3	2	15	35	70	0.7953	399.9766169	20	20.44970247	124.609642	569.0538982	152.2922165	64.372	8.96472245	0.5523	277.3780545
1.3	2	15	35	70	0.9942	561.8763903	20	20.05949364	-293.748518	411.0469795	267.4099253	64.372	-21.13298691	-0.9456	88.56539299
1.3	2	15	35	80	0.1988	53.51534153	20	21.10023783	181.4125975	241.899698	5.064921	73.82344444	13.05126601	1.9732	516.5103808
1.3	2	15	35	80	0.3977	125.836596	20	20.96673047	305.8331465	438.6448739	23.81647377	73.82344444	22.00238464	2.5562	540.8579087
1.3	2	15	35	80	0.5965	216.9646759	20	20.76441824	322.6453822	561.6213203	61.5911615	73.82344444	23.211898	2.034	446.1075436
1.3	2	15	35	80	0.7953	326.900094	20	20.48666054	180.3380817	572.8840692	123.7262083	73.82344444	12.97396271	0.8566	283.9762854
1.3	2	15	35	80	0.9942	455.6431377	20	20.11667562	-187.0473021	419.2213274	215.5590896	73.82344444	-13.45664044	-0.6779	75.07691443
1.3	2	15	35	90	0.1988	46.60756414	20	21.06008096	169.4964532	238.1629275	4.4178355	83.27488889	12.19398944	1.6969	778.208346
1.3	2	15	35	90	0.3977	108.0743834	20	20.92641898	288.9638261	423.9628863	20.48609501	83.27488889	20.78876447	2.3201	842.4040354
1.3	2	15	35	90	0.5965	184.4010767	20	20.73305717	309.5926964	537.8783242	52.42785187	83.27488889	22.27285585	1.9598	778.0008318
1.3	2	15	35	90	0.7953	275.5880181	20	20.46813707	182.1815969	542.396305	104.4667334	83.27488889	13.10658971	0.9071	654.6680394
1.3	2	15	35	90	0.9942	381.6354291	20	20.11387853	-156.6504888	384.5919802	180.8265762	83.27488889	-11.26981934	-0.6196	492.9944752
1.3	2	15	35	100	0.1988	41.08011652	20	21.00457253	144.2928281	243.6392089	3.94398668	91.96	10.380779	1.3576	1855.826569
1.3	2	15	35	100	0.3977	94.19589525	20	20.85652329	253.0175352	408.3794283	18.08354785	91.96	18.20270038	1.9729	1747.705106
1.3	2	15	35	100	0.5965	159.3477262	20	20.66788178	268.5882886	505.2617821	45.8812524	91.96	19.32289846	1.709	1625.604818
1.3	2	15	35	100	0.7953	236.53609	20	20.41290087	142.7684089	495.914993	90.80051346	91.96	10.27110855	0.7396	1532.913867
1.3	2	15	35	100	0.9942	325.7613467	20	20.0717654	-185.9787682	326.9039476	156.3051322	91.96	-13.37976749	-0.7918	1465.062873
1.3	2	20	30	60	0.1988	75.84387338	20	21.08141057	181.990272	233.5045128	7.21223983	55.176	13.09282532	2.4111	334.4997568
1.3	2	20	30	60	0.3977	185.4339739	20	20.92559767	284.6985036	426.7985439	35.26096306	55.176	20.48190673	2.5667	361.4237989
1.3	2	20	30	60	0.5965	328.7725832	20	20.68545021	250.5632343	540.389004	93.76710471	55.176	18.02613197	1.5007	287.3431079
1.3	2	20	30	60	0.7953	505.8607496	20	20.3650397	23.36992505	539.594254	192.3529171	55.176	1.68128957	0.0938	142.1429249
1.3	2	20	30	60	0.9942	716.6989858	20	19.94954059	-468.3352571	374.801904	340.6410215	55.176	-33.69318396	-1.2933	-53.77390812
1.3	2	20	30	70	0.1988	62.85244651	20	21.08307287	181.1446472	235.5858583	5.98451218	64.372	13.031989	2.1723	403.0569745
1.3	2	20	30	70	0.3977	150.4651998	20	20.94125213	295.1531436	429.3485547	28.64898802	64.372	21.2340391	2.5833	433.8645861
1.3	2	20	30	70	0.5965	262.8396808	20	20.72209294	288.4027768	545.8026146	75.06178111	64.372	20.74840121	1.8005	354.7097252
1.3	2	20	30	70	0.7953	399.9766169	20	20.42504541	107.5721622	548.2209727	152.2922165	64.372	7.73900448	0.4794	203.083001
1.3	2	20	30	70	0.9942	561.8763903	20	20.03453501	-315.4764871	384.8389674	267.4099253	64.372	-22.69615015	-1.0207	-0.99581622
1.3	2	20	30	80	0.1988	53.51534153	20	21.0519487	173.0110556	231.4631613	5.064921	73.82344444	12.44683853	1.8942	502.3160181
1.3	2	20	30	80	0.3977	125.836596	20	20.91516382	287.4006685	416.8431405	23.81647377	73.82344444	20.67630708	2.4291	521.2203398
1.3	2	20	30	80	0.5965	216.9646759	20	20.70921588	292.7046409	526.9895986	61.5911615	73.82344444	21.05788783	1.8706	421.1594416
1.3	2	20	30	80	0.7953	326.900094	20	20.42884403	138.2694075	524.8084087	123.7262083	73.82344444	9.94743939	0.6664	252.3909567
1.3	2	20	30	80	0.9942	455.6431377	20	20.05752067	-241.0061454	357.8936923	215.5590896	73.82344444	-17.33857161	-0.8859	35.18111776
1.3	2	20	30	90	0.1988	46.60756414	20	20.99979684	158.8940554	225.3717405	4.4178355	83.27488889	11.43122701	1.603	775.6881223
1.3	2	20	30	90	0.3977	108.0743834	20	20.86143308	265.650052	396.861624	20.48609501	83.27488889	19.11151453	2.162	840.117754
1.3	2	20	30	90	0.5965	184.4010767	20	20.66311696	271.6236332	494.5153245	52.42785187	83.27488889	19.54126858	1.7497	775.7532399
1.3	2	20	30	90	0.7953	275.5880181	20	20.39458866	128.6397194	481.9493744	104.4667334	83.27488889	9.25465607	0.653	651.6505016
1.3	2	20	30	90	0.9942	381.6354291	20	20.03828978	-225.6102338	307.1337106	180.8265762	83.27488889	-16.23095207	-0.9102	488.0699343
1.3	2	20	30	100	0.1988	41.08011652	20	20.94099358	133.5151025	229.892279	3.94398668	91.96	9.60540306	1.2654	1831.347214
1.3	2	20	30	100	0.3977	94.19589525	20	20.78936325	229.3473748	380.2474038	18.08354785	91.96	16.49981114	1.8124	1728.703325
1.3	2	20	30	100	0.5965	159.3477262	20	20.59598839	229.943759	460.7300088	45.8812524	91.96	16.54271647	1.4894	1612.634925
1.3	2	20	30	100	0.7953	236.53609	20	20.3373958	88.19269974	434.0133193	90.80051346	91.96	6.34479854	0.4664	1524.819689
1.3	2	20	30	100	0.9942	325.7613467	20	19.99414561	-256.4167084	247.653061	156.3051322	91.96	-18.44724521	-1.1157	1460.435316
1.3	2	25	25	60	0.1988	75.84387338	20	21.06076043	178.7125081	228.877515	7.21223983	55.176	12.85701497	2.3751	307.795966
1.3	2	25	25	60	0.3977	185.4339739	20	20.90412537	277.4776751	417.566911	35.26096306	55.176	19.96242267	2.5134	322.340955
1.3	2	25	25	60	0.5965	328.7725832	20	20.66292738	238.9158575	526.1334816	93.76710471	55.176	17.18819119	1.4381	237.1605038
1.3	2	25	25	60	0.7953	505.8607496	20	20.34182945	7.16825109	520.187191	192.3529171	55.176	0.51570152	0.0289	79.96425815
1.3	2	25	25	60	0.9942	716.6989858	20	19.92610813	-488.8873959	350.398983	340.6410215	55.176	-35.1717551	-1.3556	-129.6118602
1.3	2	25	25	70	0.1988	62.85244651	20	21.03731389	173.2933516	225.863081	5.98451218	64.372	12.4671476	2.0923	387.1790871
1.3	2	25	25	70	0.3977	150.4651998	20	20.89194196	277.7891636	408.8236685	28.64898802	64.372	19.98483192	2.4582	410.8196138
1.3	2	25	25	70	0.5965	262.8396808	20	20.66936262	260.2185077	513.1931654	75.06178111	64.372	18.72075595	1.6453	324.7160961
1.3	2	25	25	70	0.7953	399.9766169	20	20.36999785	68.10119632	503.0495715	152.2922165	64.372	4.89936664	0.3074	165.056591
1.3	2	25	25	70	0.9942	561.8763903	20	19.97839186	-365.9240938	327.3514797	267.4099253	64.372	-26.32547437	-1.198	-48.46728596
1.3	2	25	25	80	0.1988	53.51534153	20	20.99299393	162.6326189	219.0079819	5.064921	73.82344444	11.70018841	1.7953	497.3247818
1.3	2	25	25	80	0.3977	125.836596	20	20.8511941	264.4551636	390.2557856	23.81647377	73.82344444	19.02555134	2.2668	514.804464
1.3	2	25	25	80	0.5965	216.9646759	20	20.64046622	255.3957607	484.4823918	61.5911615	73.82344444	18.37379574	1.6607	412.7623998
1.3	2	25	25	80	0.7953	326.900094	20	20.35676482	85.88151784	465.6458984	123.7262083	73.82344444	6.17852646	0.4215	240.7824389
1.3	2	25	25	80	0.9942	455.6431377	20	19.98366942	-308.2376955	282.2614884	215.5590896	73.82344444	-22.17537378	-1.1536	19.16866515
1.3	2	25	25	90	0.1988	46.60756414	20	20.93580095	147.6569368	211.8751223	4.4178355	83.27488889	10.62280121	1.5019	774.3911988
1.3	2	25	25	90	0.3977	108.0743834	20	20.79186484	240.7404594	368.0308994	20.48609501	83.27488889	17.31945751	1.9883	839.827116
1.3	2	25	25	90	0.5965	184.4010767	20	20.58823149	231.0420075	448.3749266	52.42785187	83.27488889	16.62172716	1.5168	776.4073205
1.3	2	25	25	90	0.7953	275.5880181	20	20.31591939	71.51654798	417.6377984	104.4667334	83.27488889	5.14507539	0.3708	652.3834313
1.3	2	25	25	90	0.9942	381.6354291	20	19.95747745	-299.1466207	224.7541105	180.8265762	83.27488889	-21.52133962	-1.2332	488.0971063
1.3	2	25	25	100	0.1988	41.08011652	20	20.87628305	122.4872337	215.9549586	3.94398668	91.96	8.8120312	1.1697	1805.444748
1.3	2	25	25	100	0.3977	94.19589525	20	20.72056065	205.0131726	351.5046903	18.08354785	91.96	14.74914911	1.6428	1709.210777
1.3	2	25	25	100	0.5965	159.3477262	20	20.52237715	190.2943784	415.2042431	45.8812524	91.96	13.69024305	1.2558	1599.40914
1.3	2	25	25	100	0.7953	236.53609	20	20.26024101	32.33790316	370.8308636	90.80051346	91.96	2.32646785	0.1747	1516.733777
1.3	2	25	25	100	0.9942	325.7613467	20	19.91493879	-328.3922336	166.860125	156.3051322	91.96	-23.62534055	-1.4619	1455.818033
1.3	2	30	20	60	0.1988	75.84387338	20	21.01525978	170.8597	219.2774529	7.21223983	55.176	12.29206475	2.2879	294.4406765
1.3	2	30	20	60	0.3977	185.4339739	20	20.85461039	259.9786864	397.0659159	35.26096306	55.176	18.70350262	2.3821	302.3061844
1.3	2	30	20	60	0.5965	328.7725832	20	20.61000578	210.5727924	493.5359084	93.76710471	55.176	15.14912175	1.2833	210.2271433
1.3	2	30	20	60	0.7953	505.8607496	20	20.28676864	-32.3438571	475.1379372	192.3529171	55.176	-2.32689619	-0.1319	45.0401013
1.3	2	30	20	60	0.9942	716.6989858	20	19.87013378	-539.1885845	293.2172111	340.6410215	55.176	-38.79054564	-1.5102	-173.8679809
1.3	2	30	20	70	0.1988	62.85244651	20	20.97806497	162.9330725	213.4515998	5.98451218	64.372	11.72180378	1.9851	380.0677099
1.3	2	30	20	70	0.3977	150.4651998	20	20.82722923	254.731328	382.1280962	28.64898802	64.372	18.32599482	2.2877	400.5637274
1.3	2	30	20	70	0.5965	262.8396808	20	20.59992958	222.7884789	470.5343359	75.06178111	64.372	16.02794813	1.4331	310.7401101
1.3	2	30	20	70	0.7953	399.9766169	20	20.2974589	15.73331922	443.8347248	152.2922165	64.372	1.13189347	0.0722	146.2845234
1.3	2	30	20	70	0.9942	561.8763903	20	19.90430756	-432.8999744	251.8487659	267.4099253	64.372	-31.14388305	-1.4399	-73.08811863
1.3	2	30	20	80	0.1988	53.51534153	20	20.92786558	151.1320541	205.3626996	5.064921	73.82344444	10.87280965	1.6837	496.6490202
1.3	2	30	20	80	0.3977	125.836596	20	20.77987084	238.841297	360.8174433	23.81647377	73.82344444	17.18282712	2.0801	514.6423072
1.3	2	30	20	80	0.5965	216.9646759	20	20.563726	213.7387138	437.3172613	61.5911615	73.82344444	15.37688589	1.4174	412.2597214
1.3	2	30	20	80	0.7953	326.900094	20	20.27633	27.44374534	399.9680221	123.7262083	73.82344444	1.97437017	0.1375	238.8133974
1.3	2	30	20	80	0.9942	455.6431377	20	19.90124691	-383.2253384	198.2651982	215.5590896	73.82344444	-27.57016823	-1.4637	14.82109783
1.3	2	30	20	90	0.1988	46.60756414	20	20.86928472	135.9707134	197.9147867	4.4178355	83.27488889	9.78206571	1.3949	773.113761
1.3	2	30	20	90	0.3977	108.0743834	20	20.71906696	214.6883806	337.9846847	20.48609501	83.27488889	15.44520724	1.801	840.0197049
1.3	2	30	20	90	0.5965	184.4010767	20	20.50993006	188.6311816	400.3179594	52.42785187	83.27488889	13.57058861	1.2637	778.0093303
1.3	2	30	20	90	0.7953	275.5880181	20	20.23378951	11.93996209	350.7189938	104.4667334	83.27488889	0.85899008	0.0633	654.5959553
1.3	2	30	20	90	0.9942	381.6354291	20	19.87317414	-375.7754209	139.0829446	180.8265762	83.27488889	-27.03420294	-1.5851	490.296677
1.3	2	30	20	100	0.1988	41.08011652	20	20.81022239	111.208242	201.7448558	3.94398668	91.96	8.00059295	1.0703	1778.370657
1.3	2	30	20	100	0.3977	94.19589525	20	20.6501692	180.0489304	322.1610144	18.08354785	91.96	12.95316046	1.4639	1689.315061
1.3	2	30	20	100	0.5965	159.3477262	20	20.44719803	149.7020574	368.7997173	45.8812524	91.96	10.76993219	1.0073	1586.254524
1.3	2	30	20	100	0.7953	236.53609	20	20.18161731	-24.67543676	306.5303694	90.80051346	91.96	-1.77521128	-0.1363	1508.64095
1.3	2	30	20	100	0.9942	325.7613467	20	19.83430949	-401.7560251	84.69832817	156.3051322	91.96	-28.90331116	-1.8315	1451.21211
